[1]  3  7  5 10  2  3
[1] 5 5 5 5 5 5
[1] -0.8944272  0.8944272  0.0000000  2.2360680 -1.3416408 -0.8944272
[1] 8.778485
[1] 0.1182326

	Chi-squared test for given probabilities

data:  c(3, 7, 5, 10, 2, 3) 
X-squared = 9.2, df = 5, p-value = 0.1013

  face Freq Percentage CumulativeFrequency CumulativePercentage
1    1    3  10.000000                   3             10.00000
2    2    7  23.333333                  10             33.33333
3    3    5  16.666667                  15             50.00000
4    4   10  33.333333                  25             83.33333
5    5    2   6.666667                  27             90.00000
6    6    3  10.000000                  30            100.00000
